23 45
41 33 50 10 3 20 6 12 35 16 36 29 49 15 8 17 19 46 44 30 27 47 32 43 7 22
25 48 50 5 30 14 2 23 16 22 10 44 12 27 11 19 6 18 43
24 5 11 33 29 35 40 49 44 23 13 27 26 34 19 48 9 3 15 31 46 38 17 1 10 12 32 43 36 2 25 42 50 18 20 16 47 28 37 14 21 22 4 6 30 41 45 8 7
46 40 48 16 26 36 9 1 37 24 4 42 12 44 14 30 32 11 50 28 19
43 33 49 1 13 44 37 45 35 2 11 47 3 17 31 32 20 9 5 18 40 6 16 26 50
19 40 25 14 30 18 48 16 7 23 28 41 49 27 43 24 12 10 46 34 45 13 26 32
41 1 12 24 43 26 5 18 20 13 6 15 4 21 31 2 37 36
48 22 1 2 33 46 5 45 12 47 6 27 44 32 16 9 7 13 10 23 18 25 28 19 14 3 26 37 4 35 24 17 38 15 41 50 31
4 45 42 39 15 34 5 21 30 9 35 40 31 14 47 8 28 26 25 1 23 17 37 46 6 11
12 47 31 14 45 34 8 2 17 41 27 42 25 4 49 40 1 46 7 15 21 5 43 11 3 48 29 30 39 23 10 37 20 26 6 38 9 19 22 18 44 32
50 28 29 15 22 8 18 23 36 24 38 25 3 21 47 45 9 4 35 7 27 19 37 13 16 2 10 41 44 26 11 5 46 31 30 34 42 14 43 33 49 6 39 20 40 1 12 48 32
18 15 35 38 26 40 23 17 37 5 44 7 41 42 3 46 48 19 43
4 9 17 20 11 46 27 32 23
11 18 37
50 8 31 9 5 1 18 17 2 21 26 34 39 15 40 32 19 16 11 37 3
34 33 21 47
15 18 2 22 9 11 14 38 26 32 27 19 30 40 48 23 37 44 17 45 4 31 46 50 5 6 13 1 25 41 29 20 10 34 33 3 43
23 33 7 40 4 8 48 29 30 42 5 36 15 43 45 37 31 9 38 39 19 1 16 44 24 32 21 18 47 2 50 41 6 49 11 17 35 13 46 10 25 34 20 3 14
48 13 5 27 44 10 1
26 35 44 4 40 3 21 33 23 14 49
17 44 5 38 49 33 23 9 13 28 31 1 29 35 10 42 2 18 7 14 19 45 37 26 46 20 27
30 31 14 39 43 24 17 50 42 34 29 27 11 10 37 32 41 7 36 2 5 35 47 18 40 44 21 20 12 22 26 49 25 46 9 13 16 38 1 8 45 4 23 33 19 28
10 22 20 35 23 40 6 11 1 48 37 4 24 17 36 13 8 28 43 31 41 16 14 7 2 38 9
46 27 23 15 47 3 36 2 24 22 13 49 18 50 10 14 7 28 30 39 35 16 1 44 37 31 21 8 6 40 32 25 43
36 42 44 24 20 32 14 28 26 39 5 18 50 45 43 37 7
48 43 32 13 36 9 15 42 3 8 41 46 23 22 16 21 1 17 33 24 4 27 18 20 50 6 30 25 2 47 37 29 49 40 14 7 12 28 44 39 34 5 11 38 45 31 26 35 10
50 11 47 41 4 8 24 32
2 30 5 48 37
40 25 26 20 43 47 33 42 5 12 38 29 31 3 41 4 28 36 11 8 44 2 35
12 4 9
8 25 10 50 49 28 30 41 43 33 46 14 42 18 12 1 45 26 3 34 40 37 19 15 20
33 44 47 35 21 22 10 5 4 16 45 23 24 12 17 31 15 30 38 25
47 46 1 33 22 31 37 9
43 31 46 27 14 35 44 28 47
15 2 36 11 31 19 33 28 42 18 23 43 9 47 30 4 37 49 26 8 50 5 16 21 44 45 14 22 13 3 38 25 20 1 39 10 7 48 17 12 35 46
29 3 35 23 31 7 50 4 49 15 6 42 19 16 14 21 1 36 17
50 40 25 48 34 13 36 30 26 23 42 43 14 47 21 29 24 37 41 6 12 16 5 3
24 4 40 6 7 12 50 39 31 22 19 14 23 45 49 34 17 20 47 28 44 11 15 38 35 46 30 9 43 26 41 48 25 27 8 29
7 28 32 34 14 35 19 9 25 6 27 36 44 11 16 17 26 24 46 31 21 18 33 22 15 38 42 41 5 13 45
35 48 25 23 9 18 24 4 41 17 14 39 2 29 28 3 32 46 33 8 26 5 21 19 15 40 45 34 16 47 6 31 1
14 32 36 16 33 50 17 41 30 37 9 23 25 1 12 44 18 28 8 10 13 47 24 7
25 1 34 15 16 41 28 29 30 44 13 18 40 6 3 17 49 5 47 7 45 12 32 11 21 48 10 26
18 35 26 31 5 15 37 28 13 47 27 46 2 10 44 43 4 7 6 23 24 32 20 29
16 36 5
14 44 43 23 9 5 28 41 6 25 2 27 22 38 7 3 8 4 34 50 40 37 33 16 19 35 20 26 47 21 49
42 27 6 5 50
37 10 28 7 42 26 34 45
2 10 25 32 3 35 4 27 39 36 21 31 6 48 33 22 28 30 49 24 34 13 7 11 19 9 45 26 46 43 15 40 47 18 29 23 38 8 16 41 20 37 44 42 14 50 17 5 1
48 40 41 4 2 22 1 33 6 23 17 13 20 46 10 36 28 9